10022
10164
10357
10576
10620
10666
10736
10754
10790
10824
11021
11214
11314
11353
11456
11475
11485
11780
11820
11924
11955
12027
12106
12170
12343
12364
12386
12398
12510
12676
12894
12935
12984
13012
13035
13069
13113
13184
13329
13367
13519
13525
13583
13612
13619
13624
13641
13899
14056
14229
14247
14444
14449
14626
14657
14830
14872
14932
14969
15150
15393
15763
15769
15828
15913
15946
15977
16022
16316
16406
16434
16495
16653
16695
16736
16875
16920
17153
17350
17395
17427
17466
17501
17857
18020
18152
18164
18213
18285
18352
18856
18894
19008
19369
19417
19438
19567
19583
19684
19697
19977
20014
20276
20305
20340
20367
20404
20432
20513
20548
20553
20557
20841
20885
20902
20916
20918
20931
20988
21022
21157
21648
21846
22031
22047
22058
22373
22434
22482
22693
22699
22731
22869
22996
23039
23057
23083
23100
23108
23350
23355
23374
23380
23591
23620
23621
23652
24280
24330
24467
24544
24550
24564
24656
24726
24742
24802
24819
24842
24873
24918
24941
25181
25283
25403
25465
25477
25665
25882
25886
25915
26127
26368
26455
26625
26675
26825
26955
27090
27117
27138
27145
27217
27296
27337
27358
27584
27595
27814
27949
27958
28292
28341
28411
28641
28675
28685
28787
28794
28863
28947
29239
29242
29326
29342
29464
29478
29606
29704
29715
29777
30074
30096
30189
30403
30544
30595
30603
30657
30660
30725
30743
30830
30879
30898
30947
31218
31396
31569
31839
31935
31948
32191
32195
32257
32323
32501
32505
32568
32596
32730
32771
33048
33170
33206
33262
33269
33328
33337
33373
33574
33979
34097
34184
34285
34287
34338
34464
34507
34557
34587
34777
34796
35074
35420
35613
35750
35758
35776
35867
36091
36111
36342
36348
36381
36445
36646
36655
36754
37130
37342
37366
37442
37527
37731
37745
37774
37902
38016
38018
38089
38677
38692
38777
38812
38945
38953
38968
39039
39059
39063
39157
39263
39264
39266
39306
39463
39592
39639
39670
39721
39738
39775
39822
39969
40010
40016
40091
40124
40170
40222
40389
40767
40894
40909
41007
41187
41197
41312
41393
41442
41549
41614
41725
41857
41939
42156
42272
42556
42636
42652
42697
42716
42771
42787
42849
42956
43064
43100
43234
43239
43285
43354
43369
43380
43400
43518
43630
43656
43686
43735
43779
43840
43884
43915
43927
43969
43980
44041
44069
44165
44217
44365
44481
44518
44626
44833
44840
44880
44888
44939
45171
45377
45429
45444
45468
45608
45671
45684
45804
45869
45882
45928
46056
46065
46178
46211
46279
46516
46583
46598
46749
46876
46997
47001
47125
47127
47199
47232
47556
47755
47803
47851
47942
48169
48255
48317
48351
48367
48483
48681
48728
48751
48755
49052
49132
49138
49148
49315
49393
49427
49464
49629
49769
49817
49854
49944
50132
50228
50313
50316
50378
50387
50534
50605
50655
50719
50771
51013
51028
51056
51087
51182
51195
51266
51297
51351
51401
51586
51614
51878
52046
52098
52142
52143
52256
52304
52658
52663
52684
53060
53083
53130
53310
53393
53504
53508
53526
53563
53850
53906
54141
54239
54337
54437
54439
54484
54577
54606
54647
54787
54975
54995
55057
55189
55218
55264
55294
55428
55764
55904
55920
55972
55997
56290
56381
56598
56636
56672
56706
56792
56858
56977
57015
57016
57089
57095
57103
57137
57520
57601
57741
58008
58019
58023
58042
58286
58372
58419
58435
58567
58663
58766
58825
58851
58898
58976
58997
59032
59057
59260
59386
59712
59754
59890
59900
60013
60016
60020
60123
60205
60226
60288
60303
60317
60534
60551
60850
61023
61036
61167
61262
61313
61344
61545
61551
61672
61823
61901
61906
62171
62322
62371
62396
62636
62773
62794
62813
62831
62887
62967
63083
63140
63200
63394
63430
63558
63630
63742
63860
63966
64004
64104
64115
64135
64231
64250
64394
64400
64608
64689
64712
64984
65042
65073
65091
65137
65186
65213
65391
65595
65647
65672
65798
65982
65983
65999
66021
66151
66226
66306
66465
66535
66658
66690
66825
66829
66873
66981
67175
67201
67407
67522
67663
67686
67691
68012
68093
68208
68234
68391
68461
68474
68499
68564
68758
68835
68855
68865
68916
68956
68963
69268
69550
69695
69727
69933
70094
70349
70391
70432
70473
70474
70509
70536
70578
70678
70683
70690
70718
70767
70853
70895
71065
71072
71217
71312
71335
71523
71537
71570
71733
71804
71834
72035
72048
72142
72438
72447
72510
72760
72818
72949
72970
73079
73254
73305
73476
73491
73502
73516
73605
73652
73740
73744
73907
74004
74096
74109
74173
74174
74249
74266
74272
74433
74551
74559
74614
74624
74826
74858
74935
75090
75179
75204
75278
75344
75434
75519
75544
75582
75680
75682
75767
75831
75840
75951
75968
76017
76051
76061
76224
76250
76310
76327
76486
76526
76758
76794
76836
76994
76999
77022
77304
77422
77511
77732
78108
78176
78193
78244
78265
78268
78359
78533
78546
78558
78671
78701
78778
78812
78838
78840
78889
78937
79359
79535
79748
79946
79992
80045
80152
80185
80253
80265
80337
80370
80420
80451
80543
80571
80648
80745
80781
81024
81319
81326
81404
81422
81474
81476
81477
81512
81532
81592
81726
81792
81902
81975
82061
82201
82249
82252
82255
82396
82498
82661
83561
83587
83685
83851
83877
83910
83970
83982
84035
84055
84069
84135
84197
84311
84399
84502
84512
84576
84665
84686
84757
84786
84945
84969
85211
85352
85435
85566
85791
85955
86041
86498
86609
86638
86670
86691
86874
87155
87176
87219
87234
87320
87427
87456
87728
87742
87750
88253
88271
88283
88338
88344
88640
88684
88729
88769
88867
88890
88896
88935
89241
89326
89345
89364
89409
89439
89486
89509
89516
89544
89693
89888
89918
89969
89979
90185
90350
90443
90650
90664
91221
91312
91417
91602
91700
91712
91720
91809
91842
91884
92065
92161
92466
92669
92842
92901
93009
93043
93090
93209
93229
93261
93366
93466
93579
93596
93685
93699
93843
94333
94467
94604
94649
94707
94765
94834
94875
95001
95064
95096
95143
95178
95205
95360
95411
95565
95601
95658
95671
95680
95747
95815
95851
95911
95952
96120
96125
96272
96287
96303
96366
96378
96408
96434
96460
96575
96613
96734
96757
96964
97079
97156
97201
97266
97267
97504
97538
97615
97642
97664
97687
97701
97730
97752
97852
97952
97970
98023
98029
98073
98164
98563
98646
98758
98906
98988
98995
99080
99161
99386
99560
99770
99891
