10307
10740
10761
10888
10987
11140
11220
11349
11367
11447
11456
11515
11780
11780
11780
11780
11780
11780
11780
11780
11780
11780
11780
11780
11873
12389
13151
13537
13591
13595
13612
13612
13612
13612
13612
13612
13612
13612
13612
13612
13612
13612
13922
14457
14483
14493
14609
14872
14872
14872
14872
14872
14872
14872
14872
14872
14872
14896
14901
14925
14949
15007
15045
15092
15143
15158
15293
15315
15419
15463
15601
15740
16142
17628
17632
17661
17693
17915
18029
18077
18085
18175
18203
18585
18625
18681
18898
18944
18978
19122
19170
19265
19369
19369
19369
19369
19369
19369
19369
19369
19369
20029
20111
20192
20308
20328
20422
20497
20523
20566
20794
20836
20994
21157
21157
21157
21157
21157
21157
21157
21157
21157
21157
21157
21157
21157
21344
21374
21515
21547
21692
21828
21838
21872
22093
22210
22373
22373
22373
22373
22373
22373
22373
22373
22373
22416
22613
22716
22743
22838
22841
23050
23054
23077
23086
23230
23305
23335
23900
24017
24112
24359
24495
24498
24611
24717
24742
24742
24742
24742
24742
24742
24904
25074
25099
25498
25773
25915
25915
25915
25915
25915
25915
25915
25915
25915
25915
25915
25915
25915
25915
25915
25915
25947
26109
26135
26196
26301
26306
26417
26456
26882
27199
27274
27307
27347
27404
27664
27723
27814
27814
27814
27951
27959
28052
28126
28428
28466
28489
28497
28531
28578
28631
28778
29117
29249
29692
29711
29915
29974
30104
30248
30403
30403
30403
30403
30403
30403
30403
30403
30497
30568
30653
30682
30728
30947
30947
30947
30947
30947
30947
30947
30947
30974
31122
31184
31313
31396
31396
31396
31396
31396
31396
31396
31396
31396
31396
31396
31396
31396
31396
31396
31396
31396
31396
31396
31530
31642
31710
31715
31935
31935
31935
31935
31935
31935
31935
31994
32173
32478
32507
32550
33234
33285
33317
33345
33414
33500
33564
33732
33934
33943
33972
33981
34018
34429
34453
34735
34796
34796
34796
34796
34796
34796
34796
34796
34796
34796
34796
34796
34796
34807
35060
35230
35430
35450
35575
35652
35872
35940
36263
36271
36425
36543
36673
36725
36727
36783
37056
37224
37227
37250
37265
37319
37746
38234
38273
38332
38592
38612
38740
38754
38769
38903
39307
39385
39538
39589
39898
40075
40124
40124
40124
40124
40124
40124
40124
40124
40124
40124
40124
40124
40124
40124
40392
40413
40454
40474
40680
40699
40844
40959
41066
41150
41199
41578
41678
41784
41803
41831
41849
41861
41921
41922
42099
42137
42357
42793
43088
43243
43361
43402
43403
43538
43543
43561
43609
43656
43656
43656
43656
43656
43656
43656
43656
43656
43656
43656
43656
43656
43656
43656
43656
43656
43656
43755
43771
43855
44209
44391
44396
44430
44454
45286
45350
45638
45955
46056
46056
46087
46248
46279
46279
46279
46279
46279
46689
46945
47096
47449
48255
48255
48255
48255
48255
48255
48255
48255
48415
48739
48813
49176
49303
49384
49627
49689
49736
49787
49796
49814
49815
49833
49844
49975
50005
50228
50228
50228
50228
50228
50228
50228
50230
50652
50890
51307
51505
51586
51586
51586
51586
51586
51594
51930
52069
52835
52869
52912
52964
53032
53242
53243
53359
53544
53840
54135
54511
54600
54646
54668
55097
55148
55426
55594
55634
55670
55727
55991
56236
56300
56554
56672
56672
56672
56687
56815
56836
56858
56858
56858
56858
56858
56858
56858
56858
56858
56858
56858
56858
56858
56858
56858
56858
56858
57052
57058
57124
57148
57181
57279
57300
57314
57318
57329
57385
57457
57474
57496
57580
57790
57818
57871
58205
58244
58309
58310
58544
58568
59326
59349
59421
59490
59748
59853
59876
59896
60022
60051
60374
60433
60492
60562
60654
60879
60974
61861
62018
62092
62184
62569
62587
62627
62773
62926
63002
63350
63407
63741
63848
64462
64705
64971
65464
65492
65594
65874
66161
66295
66318
66477
66727
66744
66901
66925
66937
67100
67123
67163
67333
67536
67579
67580
67615
67631
67957
68004
68074
68440
68460
68564
68564
68564
68564
68564
68564
68564
68564
68564
68564
68564
68564
68564
68564
68564
68564
68564
68564
68564
68564
68797
68865
68865
68865
68865
68865
68865
68865
68865
68865
69166
69357
69426
69937
70184
70257
70338
70389
70406
70448
70536
70536
70536
70536
70925
71207
71338
71345
71603
71679
71716
71818
71880
71965
71974
72117
72240
72297
72338
72597
72621
72751
73108
73432
73652
73652
73652
73652
73652
73721
73879
74145
74192
74369
74539
74640
74910
74948
74991
75005
75073
75324
75431
75524
75878
75968
75968
75968
75968
75968
75968
75968
75979
75990
76018
76047
76136
76178
76255
76332
76520
76569
76800
76891
77346
77382
77477
77958
78165
78207
78383
78699
78802
78809
78823
78902
78978
79022
79205
79356
79593
79598
79751
79810
79813
80024
80045
80045
80045
80045
80045
80045
80045
80045
80045
80045
80045
80045
80045
80045
80045
80045
80045
80045
80222
80370
80370
80370
80370
80370
80370
80370
80370
80370
80370
80370
80370
80370
80370
80370
80370
80370
80370
80370
80459
80541
80659
80699
80714
81135
81287
81326
81326
81326
81326
81326
81326
81347
81503
81623
81716
81760
81902
81902
81902
81902
81902
81902
81902
81902
81902
81902
81902
81902
81902
82486
82650
82900
83387
84011
84078
84227
84323
84354
84487
84536
84567
84572
84778
84873
85108
85178
85215
85239
85315
85745
85760
85874
85978
86157
86165
86182
86211
86245
86542
86662
86686
86694
86876
87025
87031
87046
87082
87294
87413
87463
87473
87927
87970
88121
88288
88395
88781
88796
88896
88896
88896
88896
88896
88896
88896
88896
88896
88896
88896
88896
88896
88896
88896
89015
89041
89081
89337
89474
89585
89613
89708
89741
89807
89943
89952
90094
90123
90134
90245
90301
90593
90613
90834
90992
91047
91244
91620
91747
91922
91948
92058
92097
92114
92191
92198
92523
92827
92854
92940
93045
93178
93182
93318
93381
93396
93464
93912
93960
94062
94221
94320
94333
94333
94333
94333
94333
94333
94333
94333
94333
94333
94333
94333
94333
94333
94333
94333
94354
94461
94579
94702
94712
94736
95050
95244
95736
95843
95996
96171
96234
96587
96648
96665
96834
96995
97201
97201
97201
97201
97201
97201
97201
97201
97201
97201
97201
97253
97260
97285
97487
97700
97796
97979
98011
98087
98258
98392
98673
98827
98911
98955
99088
99212
99214
99580
